{
  "camera_angle_x": 1.587971291898728,
  "camera_angle_y": 0.9497361696535702,
  "fl_x": 566.191211780802,
  "fl_y": 840.2947458466756,
  "k1": 0.004276949197903858,
  "k2": -0.003843031104980741,
  "k3": 0,
  "k4": 0,
  "p1": 0.009328837304472766,
  "p2": 0.024846395951254437,
  "is_fisheye": false,
  "cx": 423.1549573255917,
  "cy": 694.4115142027817,
  "w": 1152.0,
  "h": 864.0,
  "aabb_scale": 16,
  "frames": [
    {
      "file_path": "./fotos/2.jpeg",
      "sharpness": 138.177831806682,
      "transform_matrix": [
        [
          -0.2464213565896389,
          0.017791267178866095,
          0.9689994767017668,
          4.05565502884002
        ],
        [
          0.9679765388063376,
          -0.0449356138876566,
          0.24698625655116735,
          0.6629492788350203
        ],
        [
          0.047936784822221704,
          0.9988314479612639,
          -0.006148434291393159,
          -0.15964845788974524
        ],
        [
          0.0,
          0.0,
          0.0,
          1.0
        ]
      ]
    },
    {
      "file_path": "./fotos/1.jpeg",
      "sharpness": 416.7553348584501,
      "transform_matrix": [
        [
          -0.2307062398460893,
          0.019807705237229394,
          0.9728218160222967,
          3.882822005013987
        ],
        [
          0.9664996472772452,
          -0.11091551958916257,
          0.23146528752135542,
          1.2804709103334662
        ],
        [
          0.11248583337965938,
          0.9936324281881047,
          0.00644476233983702,
          -0.11532824464544654
        ],
        [
          0.0,
          0.0,
          0.0,
          1.0
        ]
      ]
    },
    {
      "file_path": "./fotos/3.jpeg",
      "sharpness": 156.2032060759712,
      "transform_matrix": [
        [
          -0.0463120278115082, -0.03759897268226374, 0.9982191710004521, 3.78195173764621],
        [
          0.9864300343166416, 0.15585113349736068, 0.05163537145963101, 0.21529230206856148
        ],
        [ -0.1575150262001654, 0.9870647098646016, 0.02987097388425096, 0.264279525381692
        ],
        [ 0.0,                 0.0,                0.0,                 1.0 
        ]
      ]
    }
  ]
}